### Single-catchment configuration ###
catchment_id: 'cat-16867'

# Catchment attributes
aridity: 0.6734697179907208
meanP: 1220.712959782748
ETPOT_Hargr: 821.0739160127202
NDVI: 0.5869875543509327
FW: 0.0032365751658586
meanslope: 8.70609252733117
SoilGrids1km_sand: 56.098215174098286
SoilGrids1km_clay: 9.923513236898463
SoilGrids1km_silt: 34.01526725124841
glaciers: 0.0
HWSD_clay: 25.828916227793048
HWSD_gravel: 4.500000000000001
HWSD_sand: 41.84216754441391
HWSD_silt: 32.32891686637066
meanelevation: 564.1301276172944
meanTa: 3.7066338638929066
permafrost: 0.0
permeability: -15.050000190734863
seasonality_P: 0.1914707095539137
seasonality_PET: 0.6735750639726916
snow_fraction: 0.399354234367387
snowfall_fraction: 0.2846472027788094
T_clay: 4.0
T_gravel: 4.0
T_sand: 85.0
T_silt: 11.0
Porosity: 0.0150309390783619
uparea: 10.254599581499384
catchsize: 10.254599581499384
lengthkm: 3.58617828050077

model_config: models/hfv2.2_15yr/config.yaml
states_name: initial_states_2009.pt
# stats_path: models/hfv2.2_15yr/normalization_statistics.json
use_daily_states: false
dtype: torch.float
verbose: true  # 0: no output, 1: print output

time_step: 1 hour
